6
4
0 0
2 0
2 2
0 2
4
1 1
0 0
0 1
0 3
6
1 1
4 4
1 7
1 10
-5 4
1 5
12
-2 6
2 3
0 5
1 6
-2 7
1 9
1 5
4 4
0 4
2 1
-1 9
2 10
4
0 0
0 2
2 2
2 0
9
0 0
0 1
0 2
1 0
1 1
1 2
2 0
2 1
2 2
3
0 0
2 1
0 2
1
2 2
3
0 0
1 -1
2 0
1
1 1
12
2 2
5 5
2 5
5 8
2 8
5 11
2 11
2 14
-1 11
1 9
-2 6
-2 2
25
1 8
2 4
2 7
2 10
0 11
3 4
5 5
5 8
2 14
3 3
2 12
0 8
0 2
4 8
2 15
2 0
0 0
4 6
10 10
5 6
-2 8
-10 -10
-10 10
0 13
3 12


1
3
0 0
3 3
0 3
5
1 2
0 4
3 2
3 4
1 0

1
6
0 0
3 3
0 3
3 6
0 6
-6 0
10
0 1
0 4
1 2
1 5
-2 2
1 0
2 4
3 5
4 6
-3 4